100
0 74 55 5 80 95 22 42 33 45 27 81 39 82 88 90 47 87 71 94 99 63 23 21 74 75 67 75 39 50 21 64 91 18 82 51 37 43 78 63 4 27 98 51 5 47 8 90 63 67 43 1 38 84 48 77 66 27 0 80 96 11 33 5 81 10 35 61 5 50 86 50 34 79 64 9 15 6 4 1 9 19 3 75 95 82 92 29 47 43 57 69 87 42 67 5 45 38 88 7 100
1 38 9 40 22 20 16 36 96 2 83 51 41 39 89 43 8 4 17 25 33 15 30 58 42 95 94 91 31 85 1 13 98 4 79 79 13 69 84 21 72 4 7 57 52 79 13 6 18 12 60 92 66 8 53 93 66 45 17 65 70 68 54 57 79 61 8 6 36 26 25 52 51 32 49 69 93 63 96 23 26 89 38 71 60 28 2 23 24 29 56 94 13 50 81 77 72 15 89 100
2 14 46 28 43 48 44 46 72 70 52 23 24 4 20 33 30 97 67 54 83 4 94 72 41 50 31 55 48 88 26 94 56 32 3 69 45 1 13 68 77 97 5 73 68 59 23 53 93 25 72 99 49 83 14 48 82 54 21 68 14 63 79 6 61 38 29 38 96 40 62 89 40 31 89 83 53 15 64 12 87 92 23 80 93 5 91 41 13 3 29 40 41 97 9 95 71 82 100
3 54 48 38 72 75 41 29 68 72 49 49 89 45 97 81 86 52 16 53 4 46 15 93 49 12 71 0 45 64 22 40 60 66 53 53 66 11 52 75 16 7 16 40 73 27 12 35 4 76 3 17 68 97 10 22 75 29 41 6 85 6 4 49 5 53 63 57 10 72 12 10 33 31 77 2 12 55 12 44 56 52 11 72 87 8 62 89 86 73 78 82 91 54 72 37 16 100
4 92 78 37 2 24 95 67 14 68 92 85 22 67 97 99 83 46 88 99 73 92 38 3 0 56 69 45 28 34 70 69 89 87 0 89 12 64 31 88 39 8 84 19 75 66 19 51 76 44 23 8 50 31 41 70 43 57 76 76 17 99 74 14 23 91 9 20 54 31 6 20 72 39 67 98 70 61 3 11 73 92 14 66 40 62 58 61 94 95 83 44 58 51 18 9 100
5 80 94 53 26 29 67 0 45 95 39 13 79 93 81 46 84 97 77 87 22 16 1 33 78 30 92 41 78 40 98 24 90 90 30 95 31 34 76 58 35 56 8 88 88 96 25 36 5 70 67 74 71 83 48 40 34 76 81 38 91 58 93 74 17 13 98 55 24 67 33 31 32 22 33 97 76 74 64 49 10 85 5 19 28 9 90 99 47 47 26 17 91 0 13 100
6 61 7 5 8 23 57 75 38 14 56 38 51 18 81 40 24 30 5 37 77 83 45 92 30 89 31 64 71 20 15 68 34 54 4 13 25 36 29 38 52 29 15 8 82 73 83 67 63 48 38 65 64 36 99 69 6 76 19 40 35 89 90 83 87 50 10 22 93 40 30 82 66 32 22 15 2 86 87 9 41 81 59 97 62 81 59 58 71 57 40 18 20 91 100
7 16 56 60 15 80 93 26 12 66 90 50 12 50 37 13 46 63 8 83 96 27 80 8 33 13 38 39 35 41 4 86 68 37 70 52 58 98 38 39 51 89 31 92 49 79 46 51 23 91 41 83 20 86 46 60 15 3 28 24 38 70 94 45 56 40 33 4 81 84 97 19 37 56 86 16 0 25 41 18 47 23 85 18 62 61 78 99 59 25 90 79 79 100
8 78 55 40 94 48 34 35 12 58 73 72 56 80 75 74 24 54 80 10 36 35 47 64 55 63 36 39 35 16 71 41 44 75 26 1 10 85 96 82 58 49 20 53 6 67 39 27 8 24 36 56 92 86 79 54 50 14 24 74 44 80 76 95 69 63 65 23 48 44 34 89 73 71 10 11 17 0 27 79 71 59 3 8 67 80 65 13 78 86 5 7 100
9 56 75 59 40 8 15 50 50 61 53 33 88 74 60 88 91 7 47 45 38 27 63 6 28 52 29 93 48 22 65 25 3 56 73 62 90 10 71 93 89 99 87 94 36 3 62 24 31 97 82 52 65 93 62 30 96 81 24 83 64 67 32 14 81 63 91 24 83 53 67 19 79 11 89 51 55 78 56 53 59 29 84 43 63 64 33 76 85 46 20 100
10 30 13 96 17 69 83 27 57 25 80 45 86 29 9 11 38 64 30 18 58 28 4 96 27 20 82 64 66 74 54 6 92 77 12 64 87 57 78 32 5 60 21 4 9 52 60 85 83 56 64 71 28 96 33 94 76 30 88 53 74 29 36 66 40 79 32 52 94 26 20 71 61 93 67 17 55 32 32 84 53 95 39 72 66 36 92 51 94 46 100
11 37 15 56 42 61 32 4 34 71 83 21 86 85 7 48 75 27 18 53 34 6 84 14 43 36 13 95 13 7 62 76 1 47 76 63 79 59 99 93 63 46 61 99 77 44 9 60 69 39 27 42 5 58 37 67 88 0 32 60 35 45 54 41 19 88 6 28 81 3 28 24 46 42 98 56 48 72 25 82 75 55 17 87 60 98 24 82 73 100
12 71 68 93 67 16 64 0 11 67 91 46 23 28 79 98 48 26 3 75 81 47 78 65 20 48 67 5 2 41 28 72 42 37 15 94 29 51 36 76 35 79 59 84 17 53 10 92 16 10 91 50 81 36 8 23 25 30 62 24 90 67 57 22 98 70 77 25 10 14 38 12 51 99 4 16 53 22 94 1 35 60 39 17 54 96 24 33 100
13 35 26 62 60 22 62 49 23 19 91 49 32 71 13 95 66 65 42 0 88 61 69 41 3 3 84 80 23 36 83 35 81 44 63 37 54 83 11 25 86 33 71 31 75 59 46 87 91 16 95 43 83 3 94 55 88 39 66 48 80 75 28 42 91 17 13 3 66 22 14 51 76 75 60 65 32 22 6 51 63 8 35 42 85 21 44 100
14 87 67 41 71 82 22 82 43 32 72 21 1 21 89 29 81 52 70 85 66 70 15 45 98 25 5 28 98 34 5 62 13 73 19 96 39 59 16 93 14 26 24 79 34 49 12 64 48 79 80 17 81 78 57 94 91 6 28 20 37 45 73 45 93 96 13 92 38 70 63 99 16 44 78 57 87 26 9 11 47 1 20 31 6 13 100
15 65 53 43 6 12 59 12 5 62 25 44 61 81 80 82 66 67 67 9 48 64 51 1 6 83 5 87 98 92 51 85 39 31 16 76 64 3 80 37 7 27 88 51 28 83 12 49 76 9 62 83 26 18 48 22 27 71 87 99 19 75 29 98 95 38 11 42 46 1 44 34 29 7 56 59 73 50 70 59 32 36 9 67 45 100
16 8 32 30 80 10 4 18 0 66 99 70 10 52 4 68 19 71 39 88 13 19 53 24 9 16 85 80 44 99 34 95 68 67 87 51 84 64 43 89 19 9 22 84 98 43 2 61 18 3 67 90 92 30 48 15 77 98 79 93 98 68 28 40 58 5 97 78 98 79 34 41 61 75 80 81 99 37 59 81 95 51 37 32 100
17 28 16 8 21 4 98 32 48 2 53 81 4 17 25 42 91 27 67 37 29 63 3 1 6 37 65 4 28 56 97 62 72 32 13 91 83 73 47 98 91 87 37 11 28 11 27 44 79 34 84 43 78 45 1 23 62 96 11 71 96 30 71 16 90 25 64 86 27 58 0 57 4 13 80 43 77 97 13 27 51 36 89 100
18 1 76 87 35 33 96 71 55 68 67 77 99 2 36 26 93 17 60 60 19 5 64 50 83 78 44 54 47 75 77 31 82 59 72 51 49 19 30 95 20 73 67 52 22 99 0 39 82 42 17 68 7 28 50 25 26 54 86 15 33 40 83 45 19 38 89 19 91 34 18 86 37 38 11 1 62 99 76 70 2 59 100
19 7 46 5 14 35 40 91 69 40 69 45 36 70 40 42 61 36 54 53 13 13 21 42 18 59 5 28 8 97 73 99 71 50 15 83 41 75 22 21 73 6 43 19 86 85 12 47 49 14 45 9 49 98 79 18 64 63 12 95 39 8 40 91 38 47 99 15 54 38 49 91 70 88 98 37 27 57 73 59 58 100
20 65 58 59 97 99 16 10 46 70 21 31 47 3 19 13 38 25 20 96 69 64 8 63 45 93 55 18 2 96 76 63 47 57 14 64 24 51 82 60 66 76 44 82 84 2 23 70 10 35 57 68 10 79 18 32 7 83 41 47 51 31 69 72 12 58 96 17 47 91 99 10 53 13 56 70 25 3 14 77 100
21 66 81 43 29 8 7 36 56 47 76 84 25 74 80 9 8 63 53 56 44 60 44 56 99 65 82 60 2 91 44 70 28 26 31 31 62 28 62 38 94 17 23 36 93 9 56 72 22 62 12 95 27 84 15 73 84 2 90 23 31 82 17 32 43 83 81 78 6 38 34 3 64 68 0 98 31 33 64 100
22 29 94 75 27 50 16 5 50 93 25 5 38 85 57 44 61 0 35 32 55 90 68 79 22 65 46 80 70 18 63 41 93 61 42 90 28 24 41 48 43 96 71 87 64 67 44 70 80 27 74 87 43 31 86 52 20 80 84 2 58 88 77 49 54 98 63 20 73 55 67 97 17 46 20 23 57 65 100
23 37 66 68 94 12 29 41 1 46 36 36 48 36 93 6 63 51 17 54 19 76 96 33 42 7 34 75 71 20 95 84 82 64 15 75 38 21 30 16 95 62 90 71 68 23 98 76 43 90 27 12 57 4 79 10 47 55 33 84 64 91 39 6 32 11 49 0 50 79 65 36 27 4 14 67 75 100
24 92 44 64 46 82 2 86 42 64 35 84 53 22 83 56 72 32 74 66 99 34 60 11 2 71 89 64 98 18 55 7 6 30 52 33 7 1 83 34 46 19 91 11 56 87 29 21 16 95 51 78 39 40 47 26 67 8 30 28 64 6 28 95 54 65 86 67 5 54 28 31 44 43 32 31 100
25 64 82 87 97 90 22 55 68 61 55 45 0 18 55 70 94 82 54 78 33 87 37 63 60 81 4 92 30 50 31 15 12 54 27 20 30 22 99 75 52 22 72 40 43 25 65 73 58 23 32 81 17 2 96 57 30 53 20 81 97 48 14 16 21 28 79 66 97 88 20 13 59 5 56 100
26 61 93 38 98 77 3 8 2 17 44 69 73 88 92 58 39 83 37 86 95 83 68 43 34 78 33 41 34 22 79 84 44 28 91 67 53 82 75 0 36 42 76 28 94 27 6 1 35 32 17 56 97 71 26 81 24 63 14 34 25 68 40 53 52 45 41 32 87 75 64 98 8 18 100
27 70 30 58 74 11 44 71 21 40 98 35 45 15 38 80 77 41 59 99 92 62 72 48 8 10 13 96 71 37 73 30 34 1 44 73 0 30 91 33 58 98 72 64 97 75 70 92 0 2 91 29 74 72 1 80 72 64 27 3 42 75 12 90 49 1 1 50 21 9 58 23 91 100
28 45 36 94 40 67 42 79 80 32 29 22 32 15 84 43 42 20 38 24 44 58 53 1 84 45 66 73 29 18 87 54 2 4 67 55 96 15 54 4 95 90 98 85 91 33 32 44 50 64 16 76 39 34 34 48 85 65 62 47 24 7 42 56 49 87 64 40 7 56 94 19 100
29 97 11 69 91 18 83 19 33 39 75 82 43 39 20 74 21 99 92 45 96 44 11 99 76 53 57 79 37 87 55 57 95 14 7 20 16 54 74 97 5 58 59 69 85 53 8 7 68 34 65 34 75 50 38 62 90 18 52 54 40 96 86 18 85 51 57 99 5 7 29 100
30 21 42 49 14 69 62 54 25 68 86 45 59 68 64 70 84 24 6 64 60 75 83 48 52 71 14 95 97 59 97 48 73 57 26 2 71 95 1 53 23 30 39 6 29 53 97 29 82 72 82 76 66 86 61 54 50 87 93 8 15 60 70 47 75 64 79 93 12 37 100
31 16 50 54 0 51 40 60 5 50 63 46 45 31 72 82 19 35 1 75 26 28 66 32 31 47 78 43 65 87 84 56 12 32 89 83 39 47 9 95 83 41 47 42 72 86 14 11 71 10 9 26 42 22 42 21 79 59 76 39 13 59 84 25 61 15 87 84 62 100
32 85 91 99 49 1 86 33 96 51 33 63 81 57 97 43 82 9 21 70 7 70 48 49 95 18 86 21 21 10 53 4 42 48 69 41 38 64 47 71 94 58 24 79 44 72 81 39 98 61 86 35 63 86 2 62 2 86 23 48 72 22 28 34 29 18 24 86 100
33 70 29 30 55 29 59 70 40 31 47 82 52 87 58 8 92 95 3 50 26 59 31 1 56 31 41 13 23 77 30 27 17 81 6 62 72 93 1 12 99 9 76 40 43 22 8 90 48 51 21 59 76 58 76 9 7 79 40 97 29 44 60 98 31 80 46 100
34 35 49 39 50 72 5 32 23 21 13 59 61 76 65 9 4 26 13 67 24 90 10 4 60 21 25 71 69 40 47 28 34 42 94 95 96 50 62 92 80 95 50 38 25 86 79 55 88 41 15 2 42 97 6 82 93 0 73 49 70 32 61 94 58 38 100
35 40 57 89 46 79 34 18 77 73 91 65 56 33 39 93 85 42 60 17 56 3 27 20 57 35 57 61 30 97 36 21 5 40 90 85 93 37 74 41 48 87 11 29 76 66 67 66 11 67 78 12 26 57 44 16 30 33 71 92 18 19 68 39 94 100
36 76 97 22 60 97 26 34 14 74 62 73 27 7 7 5 12 18 3 38 22 19 52 69 30 71 77 36 37 4 4 94 89 9 56 11 0 47 71 20 98 8 77 28 19 53 57 69 19 87 10 88 49 80 27 12 65 42 62 40 34 9 63 3 100
37 55 30 1 24 5 54 70 41 55 35 61 37 33 26 98 54 90 29 58 49 96 16 16 61 70 95 90 4 63 45 35 7 80 73 73 68 48 72 2 58 41 63 29 12 80 16 26 7 82 45 25 44 33 74 4 90 98 3 66 78 90 76 100
38 42 61 58 63 77 54 24 28 83 37 79 71 48 91 54 18 50 32 65 68 95 23 48 54 92 21 19 70 51 10 66 86 38 9 70 24 31 29 81 43 72 1 18 62 48 27 93 8 80 38 37 49 87 64 30 37 26 61 60 1 86 100
39 45 11 40 82 14 68 27 95 23 9 7 48 36 35 61 48 45 14 68 5 66 29 32 36 44 0 61 50 80 73 6 66 95 81 21 66 58 39 47 54 54 5 64 56 28 77 7 67 47 21 10 79 97 94 14 54 97 96 84 81 100
40 94 68 64 15 33 2 31 96 97 74 5 74 18 87 87 95 53 83 41 25 31 55 54 74 57 52 11 43 78 18 68 60 79 30 2 91 89 2 71 24 52 50 96 87 68 67 10 67 41 59 11 72 2 10 95 71 91 29 34 100
41 45 30 55 31 81 32 21 13 9 77 35 48 25 44 4 80 6 70 0 4 30 60 26 19 67 74 22 10 49 58 32 5 13 97 14 59 51 69 2 14 62 58 14 84 6 78 34 83 10 88 11 19 1 16 23 56 79 50 100
42 89 28 58 50 51 3 66 65 90 26 88 91 53 58 93 64 34 26 91 64 58 93 58 97 56 25 23 32 87 20 81 27 57 19 26 58 19 22 87 34 79 30 26 13 38 1 35 36 26 19 12 87 89 62 1 93 34 100
43 24 3 11 18 95 33 61 99 24 2 97 9 14 94 67 16 25 9 53 72 79 15 89 73 32 98 46 12 92 84 84 77 70 92 46 85 19 80 69 5 91 83 8 69 51 68 27 26 26 45 20 40 67 14 0 34 100
44 65 79 34 51 14 31 31 31 62 25 41 49 27 17 78 25 68 3 64 10 87 86 50 80 57 30 94 80 67 78 31 43 16 92 88 87 79 51 61 72 48 67 63 41 90 6 6 63 74 15 84 33 53 92 94 100
45 90 36 29 2 53 14 73 51 39 52 77 58 14 75 37 25 96 73 1 26 45 64 81 64 72 41 78 48 82 56 1 43 27 88 77 85 63 20 66 74 8 96 70 45 91 57 14 33 20 80 21 56 67 50 100
46 99 30 86 75 82 19 74 15 9 87 33 5 49 50 9 4 73 82 58 88 88 5 42 7 52 54 64 40 33 56 18 50 93 57 4 31 0 47 15 24 10 26 63 57 30 5 75 85 38 33 7 84 41 100
47 66 45 71 45 29 98 55 25 11 78 67 10 81 42 14 88 30 26 81 90 91 0 29 97 14 33 92 6 43 26 55 6 75 35 69 58 37 85 51 78 57 18 70 21 98 96 45 53 5 41 5 98 100
48 14 72 42 68 50 25 70 44 22 71 72 40 64 31 89 29 53 13 36 62 10 64 60 41 94 69 87 15 87 34 5 50 61 53 76 72 38 93 67 54 69 44 7 43 99 61 88 60 66 11 61 100
49 96 50 85 3 48 73 57 63 16 13 37 6 11 64 53 10 61 85 25 39 5 32 49 12 43 90 54 0 47 45 34 11 71 38 84 62 4 95 14 42 53 1 51 3 17 64 18 75 53 13 100
50 93 87 23 4 41 28 9 19 14 79 9 5 80 96 76 8 45 24 88 94 93 2 25 1 83 51 42 11 81 44 13 11 30 84 83 95 97 33 31 55 42 78 5 98 25 46 93 15 95 100
51 54 46 58 79 15 91 33 54 9 49 19 85 77 78 55 4 80 17 74 13 61 90 12 98 46 58 6 43 94 48 74 11 84 80 88 25 27 85 63 89 19 91 38 90 52 8 94 37 100
52 64 46 72 26 75 22 3 25 36 18 46 56 5 43 59 6 14 1 74 97 83 21 19 65 35 65 54 29 67 53 8 2 74 14 0 73 65 31 44 75 73 80 86 96 17 60 27 100
53 37 50 62 22 6 2 61 64 21 77 41 29 53 60 13 80 43 34 55 48 40 65 66 15 80 3 4 83 16 26 63 22 58 49 94 30 1 27 0 47 65 33 67 31 20 19 100
54 30 1 81 81 33 14 53 21 1 42 17 20 70 95 30 99 59 45 65 48 86 35 31 82 68 99 8 74 2 52 19 10 84 47 59 45 17 76 54 51 41 84 74 66 30 100
55 35 50 92 50 20 38 92 53 84 41 42 58 91 15 19 91 71 7 87 64 38 20 85 31 38 55 30 15 67 47 98 49 78 47 93 57 25 50 67 51 54 98 38 80 100
56 11 67 91 34 40 21 94 20 71 65 75 3 19 76 32 13 42 26 4 44 40 64 55 85 91 79 78 1 10 8 98 98 55 68 42 38 11 59 27 58 61 20 37 100
57 5 59 81 37 40 98 94 34 30 63 91 2 34 35 86 88 43 12 20 8 45 6 84 43 46 43 37 92 82 9 39 39 24 28 62 33 63 74 22 89 87 44 100
58 51 21 17 30 15 89 21 83 64 9 6 19 35 56 92 4 85 42 45 74 27 25 45 93 81 47 73 76 86 27 50 41 90 76 9 56 45 53 64 56 92 100
59 16 24 96 91 81 10 11 36 97 0 59 35 50 43 87 5 31 71 60 98 22 65 3 75 2 45 68 60 96 51 12 88 24 12 78 19 24 57 77 44 100
60 67 3 53 68 64 73 94 35 76 76 60 56 7 50 31 22 79 85 98 3 82 23 71 73 72 13 60 18 52 57 55 39 62 59 2 39 79 65 84 100
61 3 14 46 92 57 25 1 3 15 59 50 8 30 73 4 45 97 78 12 35 49 33 61 22 94 78 42 42 78 88 11 32 20 51 69 36 45 68 100
62 2 69 27 37 39 1 10 78 36 50 72 61 7 79 17 23 65 68 98 55 29 89 73 78 33 73 19 17 22 54 96 65 68 70 84 61 79 100
63 56 40 46 85 39 56 76 80 55 58 70 23 81 8 75 36 4 2 18 69 90 81 96 28 3 79 93 56 62 65 70 41 18 20 83 42 100
64 75 78 96 59 1 34 38 98 79 5 17 36 31 50 94 16 30 28 82 44 25 49 46 51 61 48 93 44 62 67 31 88 64 4 64 100
65 51 24 73 27 39 56 76 41 7 4 60 84 57 32 89 7 22 26 16 87 69 64 50 95 5 13 91 91 33 81 7 39 14 1 100
66 89 8 67 19 65 6 84 41 96 55 33 12 25 57 59 32 32 81 60 26 52 24 54 60 2 86 0 27 97 38 54 98 85 100
67 69 87 6 14 69 1 62 5 81 71 9 86 20 80 22 73 4 73 36 17 56 55 64 89 40 74 87 70 41 94 96 93 100
68 60 1 72 50 3 84 34 46 44 44 25 10 50 97 27 35 71 39 30 37 43 69 55 32 93 59 99 15 95 68 64 100
69 34 96 1 99 22 83 14 95 22 28 15 46 1 22 97 83 9 96 61 35 73 81 64 39 60 39 51 20 58 32 100
70 87 44 86 85 20 42 98 73 14 82 17 48 47 45 13 64 34 95 34 16 18 26 10 92 38 53 91 25 85 100
71 7 82 26 50 63 21 55 46 91 85 8 27 38 77 94 76 6 20 55 3 52 77 17 87 91 13 10 14 100
72 55 91 32 9 30 28 44 14 64 66 41 99 77 3 0 52 50 95 37 77 65 63 31 87 41 91 93 100
73 2 16 29 0 17 31 93 62 36 98 71 29 33 22 69 54 69 78 13 20 23 40 92 81 49 0 100
74 8 37 62 60 21 71 99 32 14 91 55 89 15 93 95 44 49 30 78 83 45 91 0 78 2 100
75 31 83 38 64 2 8 2 82 41 64 14 29 98 82 57 72 54 51 96 56 96 44 72 92 100
76 92 72 49 17 99 6 87 87 1 12 27 75 72 88 7 62 48 67 39 64 20 87 99 100
77 36 57 49 46 18 38 94 88 60 30 9 62 21 30 33 27 41 46 64 38 92 78 100
78 77 50 34 40 27 18 63 68 39 95 58 36 29 33 39 24 5 5 15 19 37 100
79 8 14 56 29 5 91 41 61 63 8 24 86 90 5 11 61 45 98 12 19 100
80 2 10 14 6 98 96 51 28 1 41 76 90 44 64 10 61 47 85 29 100
81 95 35 4 84 46 33 25 50 53 70 24 9 18 77 99 97 8 4 100
82 99 7 25 83 30 74 22 43 17 46 59 72 20 61 42 37 6 100
83 2 99 38 56 93 19 77 44 62 21 55 34 38 41 44 92 100
84 28 75 94 78 27 85 85 88 7 51 34 66 6 9 54 100
85 8 53 12 65 6 0 59 38 27 53 40 84 26 5 100
86 50 14 29 64 92 44 71 51 35 45 75 89 76 100
87 15 8 20 13 57 49 13 28 67 89 71 9 100
88 67 89 3 3 39 48 34 77 44 76 0 100
89 80 77 37 99 94 8 71 9 63 60 100
90 81 54 78 82 19 87 7 74 12 100
91 19 5 77 86 25 43 54 98 100
92 33 2 15 86 21 51 82 100
93 34 33 59 40 20 24 100
94 82 49 64 15 67 100
95 44 87 8 85 100
96 42 52 76 100
97 44 34 100
98 6 100
99 100
100
7576