100
0 5 34 29 80 61 27 61 29 59 67 67 43 2 70 38 79 25 17 97 97 97 38 43 5 0 26 10 75 86 28 38 6 11 96 51 32 46 79 32 8 27 82 22 31 70 11 29 15 31 50 44 25 77 66 25 71 30 54 53 52 55 40 84 57 41 37 44 54 51 46 77 5 25 66 73 61 58 76 86 35 58 40 75 39 11 11 75 94 82 85 59 54 71 49 75 34 64 28 37 100
1 93 66 37 89 58 50 70 75 59 43 44 28 85 5 38 68 68 67 62 60 12 79 79 65 1 38 84 24 85 5 80 93 28 32 94 79 68 59 35 87 74 40 80 56 57 41 39 42 31 29 67 35 41 32 48 45 50 55 56 45 10 62 67 55 28 65 61 58 27 53 46 16 51 60 99 51 70 42 60 70 33 18 39 56 33 13 19 24 41 81 60 65 54 78 61 41 17 79 100
2 5 80 60 60 6 15 87 37 44 37 32 41 7 94 50 23 97 64 20 51 51 51 62 17 24 46 87 82 19 23 8 33 16 86 83 31 30 81 43 42 20 23 28 58 33 41 38 94 57 89 43 38 20 28 48 90 74 91 99 58 38 44 48 38 62 8 20 28 36 54 57 67 39 30 37 10 35 3 76 48 51 40 49 79 66 43 22 60 35 21 89 45 35 41 80 57 14 100
3 55 57 15 22 77 45 9 26 65 45 4 15 89 39 88 63 41 34 20 8 22 50 24 31 19 89 27 20 93 91 95 27 77 52 64 37 23 67 90 98 3 39 72 30 72 10 39 73 52 26 58 17 83 4 43 55 76 34 16 59 59 55 44 28 86 13 31 32 57 33 43 68 30 45 44 52 25 75 72 38 31 42 55 36 88 61 61 83 72 50 60 68 51 33 75 84 100
4 40 73 55 99 35 59 61 38 71 14 17 84 31 76 10 93 80 47 18 2 28 47 21 86 25 22 28 24 38 39 79 26 38 85 95 40 31 90 33 21 41 76 19 67 23 33 41 49 28 37 46 41 50 53 48 92 36 35 32 22 52 44 53 30 52 30 92 54 61 45 57 49 49 56 37 54 88 38 20 35 32 68 76 26 14 35 22 45 37 39 46 70 50 59 72 100
5 83 10 42 61 76 17 41 66 55 9 13 78 21 98 98 97 97 67 24 32 50 25 39 52 31 28 27 24 76 47 81 81 85 32 66 79 39 16 37 15 40 26 34 13 65 39 35 21 38 55 47 98 17 53 99 61 95 56 59 58 34 13 54 55 45 98 45 66 3 44 52 34 52 98 70 55 30 26 33 51 49 72 56 23 77 49 80 67 51 42 61 49 58 92 100
6 37 16 36 91 26 64 6 42 35 86 51 55 52 41 91 36 17 22 41 76 27 70 63 22 23 71 75 7 70 60 4 42 75 78 79 50 25 15 71 46 78 32 20 56 93 12 38 42 34 44 55 18 57 50 24 56 41 24 96 97 63 45 58 9 11 89 43 38 28 47 33 31 40 0 46 24 13 57 33 49 13 42 47 23 59 49 50 46 33 66 40 12 66 100
7 89 23 46 73 66 59 49 61 24 84 86 47 98 21 27 53 98 66 33 17 30 23 73 65 15 44 59 29 79 88 81 86 33 35 19 82 93 29 23 65 36 41 70 78 40 34 52 7 35 97 3 94 46 56 51 50 88 61 52 25 55 64 56 71 45 58 11 30 39 38 78 60 64 56 7 45 81 44 65 32 55 59 11 41 46 60 49 29 66 40 91 45 100
8 80 93 59 24 38 0 2 70 20 46 13 68 15 7 17 41 98 33 70 71 78 22 25 93 75 33 49 16 61 67 56 35 79 94 30 12 25 81 39 60 70 36 31 10 42 80 54 90 58 47 15 85 81 50 79 68 46 87 56 77 72 49 45 34 59 58 58 72 17 53 17 50 37 88 39 43 74 21 64 67 49 43 48 27 86 80 68 74 34 42 48 100
9 41 96 1 21 62 89 64 8 71 18 41 73 75 83 37 40 37 26 78 62 31 0 63 84 34 67 12 33 58 6 28 66 25 24 25 43 31 41 11 48 96 23 50 26 43 83 60 30 28 39 89 90 22 44 52 51 29 87 24 88 42 67 68 43 72 46 52 88 46 37 24 15 93 68 79 30 74 64 42 46 74 27 33 22 28 43 62 53 54 16 100
10 24 1 86 88 74 64 42 83 18 95 95 92 78 43 9 11 37 69 40 73 63 69 23 17 97 96 63 72 61 7 11 56 27 3 31 37 33 44 86 41 84 89 66 41 16 29 96 55 46 72 54 27 58 28 11 80 34 23 47 15 48 72 49 64 35 35 21 39 93 65 23 19 24 23 52 33 52 34 54 70 19 94 34 10 93 63 42 57 51 100
11 31 0 43 78 60 55 58 48 4 9 69 1 65 79 86 45 93 28 50 18 31 86 16 21 28 24 37 17 61 50 17 25 40 90 80 29 95 52 78 43 67 39 27 18 54 70 21 47 35 13 1 35 38 11 26 52 31 96 47 54 36 97 72 55 74 32 56 76 38 22 39 45 2 74 94 57 58 89 38 43 24 56 26 40 86 40 25 34 100
12 30 54 41 79 63 97 17 14 10 20 74 87 91 66 81 27 43 82 81 29 86 87 19 20 22 99 24 50 79 60 46 89 86 3 43 40 30 57 97 98 43 43 44 84 40 76 44 40 41 54 49 97 26 58 47 39 29 19 49 50 45 37 42 70 25 34 47 44 38 63 78 82 36 66 44 50 69 54 28 2 66 51 64 46 53 31 55 100
13 56 59 44 94 40 27 75 37 69 47 14 2 64 66 54 63 9 66 50 6 16 97 0 81 21 36 30 64 25 31 38 12 18 55 34 89 42 43 17 49 28 52 53 81 63 43 30 54 40 89 43 56 31 54 23 52 16 40 53 56 55 30 15 30 37 31 39 45 49 56 25 81 61 51 45 48 42 63 70 73 38 41 47 91 55 62 100
14 15 95 34 92 15 12 76 91 46 92 86 5 5 93 9 99 42 1 34 17 64 16 14 29 16 75 4 94 58 64 24 29 38 48 20 24 68 57 50 74 44 77 49 52 29 42 49 6 50 51 29 24 50 38 35 52 64 53 53 95 41 39 63 50 79 44 74 72 60 37 37 62 34 60 33 76 49 79 61 56 36 14 60 2 42 100
15 94 21 70 72 79 19 42 93 18 21 82 3 81 29 25 63 74 18 54 25 62 21 9 91 77 30 85 89 71 32 34 62 48 45 59 88 30 14 27 34 30 32 96 38 50 39 21 50 44 62 49 21 19 37 31 81 2 67 58 54 51 56 70 53 39 89 26 88 45 17 76 66 23 32 38 61 83 35 38 53 36 83 89 49 100
16 70 79 73 11 98 88 7 94 68 1 52 13 94 91 17 90 27 58 4 53 27 19 17 55 39 3 66 79 64 46 77 23 91 25 67 50 3 71 58 57 45 85 62 49 6 53 44 62 39 38 43 40 49 18 28 54 29 37 37 95 53 53 52 20 57 47 19 19 71 5 62 23 40 6 63 73 78 67 69 68 52 23 55 100
17 49 45 13 15 91 97 75 19 35 63 79 65 85 94 33 56 16 31 80 22 75 89 39 89 32 50 32 81 85 71 61 69 59 33 91 30 98 47 42 33 22 54 47 48 19 83 91 27 34 18 66 98 17 69 39 50 60 27 25 30 84 71 33 36 55 76 69 40 75 56 19 44 31 43 35 46 74 51 62 81 29 33 100
18 93 0 97 92 19 81 25 26 76 86 62 89 90 87 26 23 35 83 61 18 47 35 2 94 30 24 71 9 44 94 97 45 45 42 92 21 44 62 63 57 49 17 20 60 54 10 27 27 82 48 67 31 87 32 19 14 43 25 71 62 45 24 55 68 49 51 35 54 67 17 77 78 25 33 73 79 48 37 61 23 19 100
19 31 80 48 19 79 1 89 52 26 82 77 29 29 66 0 91 55 95 84 29 17 88 39 23 29 96 43 24 96 40 41 88 38 78 32 24 46 63 52 36 82 31 59 34 48 48 61 54 71 20 67 88 29 45 29 40 55 44 9 77 21 52 74 38 68 22 93 64 21 59 59 60 90 26 52 29 42 37 82 54 100
20 93 86 40 33 25 27 9 54 96 39 6 21 98 56 33 88 90 26 55 20 37 86 42 57 74 57 39 1 73 66 31 50 46 44 34 97 52 23 21 29 6 65 29 69 6 98 38 54 20 41 41 71 54 12 56 41 83 53 67 30 76 78 24 37 44 39 79 55 20 21 16 40 33 38 10 42 94 44 46 100
21 12 91 86 10 1 45 44 93 27 78 52 60 72 77 88 29 34 56 25 22 37 33 22 39 63 81 70 31 37 74 48 25 46 45 92 36 18 57 25 54 67 46 25 38 24 39 47 43 22 27 52 53 29 64 93 59 37 14 50 79 21 81 48 31 76 64 9 83 48 32 47 2 66 68 43 63 36 73 100
22 99 35 25 24 64 36 28 67 55 4 32 34 72 63 66 33 16 58 91 23 7 64 25 18 65 61 35 72 50 38 44 46 91 1 51 49 42 49 31 37 96 73 31 91 37 72 44 48 8 22 57 25 39 44 69 90 93 59 99 45 55 75 32 52 52 52 41 50 52 67 73 23 35 35 34 92 41 100
23 17 18 96 26 7 70 87 85 29 50 76 16 31 64 27 56 63 11 37 81 79 31 87 46 86 29 47 49 50 25 34 66 56 77 64 50 5 46 13 46 54 48 51 62 53 54 39 29 91 63 24 88 18 37 59 28 53 39 28 48 67 68 86 68 68 24 27 57 56 46 48 49 55 42 62 66 100
24 48 95 62 68 7 67 42 24 87 6 99 20 22 38 26 28 94 98 25 76 31 42 71 45 26 49 3 0 49 53 23 0 87 55 69 30 53 11 50 42 52 19 73 22 32 55 27 57 34 60 32 32 51 96 81 69 89 50 85 30 44 46 70 40 34 54 56 65 56 52 44 38 54 47 87 100
25 5 13 26 85 85 76 35 32 88 32 20 78 38 91 48 33 42 3 33 30 32 45 43 36 88 32 76 43 39 69 75 55 26 12 32 51 47 48 15 17 33 44 28 48 29 48 46 59 48 46 68 1 53 50 47 43 42 45 64 26 32 13 39 27 45 34 43 61 30 58 53 45 45 46 100
26 87 87 43 19 41 74 72 1 5 96 71 33 37 27 40 93 49 87 90 41 80 42 40 40 90 86 44 99 72 37 54 40 35 42 26 65 32 77 88 32 55 45 77 70 9 96 36 60 62 85 43 32 30 62 27 46 33 39 78 32 26 47 77 41 0 51 28 38 21 81 44 50 83 100
27 72 70 56 18 53 62 76 29 35 59 97 72 49 21 39 91 5 32 45 80 6 83 45 19 95 37 25 62 44 33 96 31 2 59 92 59 20 76 14 43 57 59 46 66 45 65 51 44 51 52 55 50 29 41 53 88 33 65 91 83 33 58 66 57 46 78 68 21 57 14 60 44 100
28 38 70 7 19 67 51 42 49 1 87 37 35 27 11 65 91 33 54 89 79 30 34 33 47 24 48 29 45 51 51 54 37 50 38 39 63 50 43 47 43 51 45 26 49 91 51 81 56 39 57 70 51 69 61 57 55 36 56 23 88 53 58 54 53 47 40 48 41 59 68 1 100
29 66 63 84 30 72 17 32 44 29 4 21 22 81 75 37 38 96 4 94 37 44 51 40 97 41 96 94 4 30 12 34 1 67 83 88 99 56 42 49 42 68 9 17 34 29 11 37 17 58 67 52 46 61 42 39 48 95 51 25 73 39 7 74 47 1 52 65 89 32 9 100
30 47 9 97 57 14 1 27 65 35 2 78 40 89 44 9 42 15 33 68 63 64 46 7 40 52 21 0 52 51 54 31 33 31 61 44 38 66 41 64 65 18 55 73 61 42 44 34 49 33 61 63 47 44 2 55 64 67 61 47 44 34 10 33 43 74 38 13 52 37 100
31 32 44 99 50 32 32 37 39 1 5 2 50 76 95 46 34 35 15 41 29 44 42 91 33 75 40 51 19 52 54 78 57 83 97 20 67 34 37 57 25 48 3 42 55 37 31 7 48 45 76 79 52 45 49 70 10 54 47 38 66 85 7 42 56 32 67 68 70 100
32 80 88 22 31 38 12 76 49 47 42 99 7 98 41 66 86 27 46 83 26 38 92 79 47 50 93 17 36 43 39 93 75 87 37 66 37 18 48 48 26 82 9 65 47 66 53 38 54 52 66 36 67 65 66 84 33 12 86 85 59 42 50 25 60 74 44 65 100
33 7 79 45 79 66 91 30 52 39 68 4 44 72 96 7 40 77 45 41 39 78 2 52 57 39 76 38 88 95 48 39 38 8 37 96 61 38 96 85 36 45 51 92 61 7 46 52 65 38 63 68 75 48 72 81 41 65 60 55 60 12 75 76 23 11 84 100
34 71 89 7 28 45 64 6 64 81 41 42 33 35 17 4 46 8 31 46 3 30 53 83 38 41 30 45 99 45 39 48 53 62 51 43 37 65 7 2 44 5 97 82 39 65 98 57 70 37 38 49 69 53 47 55 43 0 27 41 52 24 74 62 13 11 100
35 29 2 37 44 40 78 97 61 14 14 14 23 45 45 35 64 41 63 49 54 55 82 45 42 2 35 67 33 49 94 29 77 51 44 59 46 35 72 44 7 42 75 78 52 56 24 62 64 83 60 2 14 36 48 63 87 45 81 19 16 52 52 55 54 100
36 9 81 39 41 99 36 38 70 46 13 60 53 6 98 43 76 41 79 31 50 82 78 10 45 47 43 46 47 68 62 5 49 39 67 99 98 60 4 41 72 61 54 1 47 24 62 48 46 57 71 78 39 17 86 43 68 23 42 75 48 40 87 71 100
37 54 76 1 41 89 72 55 88 80 22 85 68 39 60 52 48 90 55 44 33 50 49 86 23 38 62 56 63 3 66 14 44 46 58 92 14 50 17 2 42 42 71 1 71 21 64 37 89 59 54 43 56 0 24 40 52 49 85 28 80 63 54 100
38 28 52 56 44 16 79 89 39 17 24 46 44 69 18 81 91 46 9 44 51 99 4 41 40 57 57 93 39 42 56 55 56 42 53 73 39 90 49 39 16 6 64 10 77 44 48 72 68 63 61 39 89 31 40 19 84 73 75 51 70 88 100
39 0 40 95 67 81 72 99 22 93 30 28 76 90 46 49 52 56 40 44 39 0 48 46 48 37 33 50 52 21 89 60 51 59 16 49 16 39 50 46 65 26 58 64 49 80 67 9 42 45 38 86 99 66 65 57 42 34 60 59 58 100
40 49 76 95 50 67 81 41 40 47 25 59 36 37 32 15 27 43 47 53 45 85 75 48 49 88 53 4 18 54 81 43 3 65 53 42 41 62 47 32 62 71 34 40 62 70 52 35 57 55 28 42 42 41 28 76 41 39 56 75 100
41 21 57 2 43 4 94 41 80 86 50 3 36 8 43 82 61 50 83 21 82 56 58 54 45 51 54 41 66 78 56 44 30 6 95 53 61 51 71 14 50 43 88 68 37 95 5 69 62 5 55 66 18 17 92 54 70 30 42 100
42 43 57 65 55 81 55 33 39 33 88 57 39 42 83 8 6 22 66 52 51 75 26 71 58 23 49 11 51 56 64 48 46 55 78 56 20 76 15 56 80 57 79 47 45 6 0 63 24 49 61 5 48 58 48 21 81 47 100
43 79 3 0 56 34 85 29 51 57 68 84 50 37 92 11 43 98 52 52 54 57 38 80 68 20 0 26 53 38 18 68 72 50 53 12 43 78 20 69 16 50 90 8 34 43 56 64 77 85 33 49 57 47 16 76 45 100
44 5 75 76 70 35 78 10 51 48 77 98 55 54 12 52 97 22 53 60 15 41 54 54 67 51 48 62 54 68 55 48 92 63 50 59 72 6 53 35 44 59 1 56 78 54 54 14 49 70 20 72 49 53 59 54 100
45 9 72 52 67 14 46 20 97 96 98 38 28 55 52 32 23 83 57 47 53 63 40 62 49 66 86 46 47 57 61 66 50 57 75 11 63 12 74 93 49 48 73 79 47 61 10 75 58 50 47 64 39 53 56 100
46 73 16 5 37 36 50 87 22 55 11 27 75 94 52 50 9 94 60 67 60 40 21 53 58 57 55 64 44 46 46 97 44 58 79 66 61 48 60 84 66 65 0 64 87 47 3 64 68 81 9 80 68 59 100
47 48 14 70 52 78 64 10 30 48 1 12 77 58 57 91 52 60 18 90 64 41 65 56 52 80 62 28 49 13 77 46 20 47 39 80 82 7 50 39 54 71 65 58 0 39 38 37 61 55 72 50 76 100
48 59 69 9 97 48 48 49 87 28 98 72 73 8 59 56 26 18 64 58 77 52 52 13 19 6 88 58 18 90 97 55 5 8 55 26 73 33 29 56 40 7 35 53 52 53 49 54 1 65 57 1 100
49 93 27 76 55 44 50 33 41 76 65 59 56 45 59 22 63 84 63 50 47 74 11 15 55 51 23 50 54 62 69 49 25 62 18 15 49 51 75 63 44 50 32 61 65 1 76 54 73 73 53 100
50 62 64 69 77 97 52 46 35 38 20 97 58 96 62 81 73 63 60 13 56 5 81 50 90 16 48 59 52 64 73 90 27 59 52 63 74 25 29 42 98 20 98 44 83 7 80 51 14 50 100
51 36 88 55 89 64 8 72 99 56 33 91 79 92 62 65 66 1 49 56 26 64 51 6 67 58 83 3 84 38 20 61 67 12 7 4 72 42 47 63 52 52 63 32 0 1 57 71 35 100
52 96 94 69 98 11 42 53 83 47 5 19 30 52 99 41 55 37 55 16 86 43 6 7 62 1 61 9 81 19 40 65 35 68 15 57 41 79 89 26 83 53 18 61 57 24 49 64 100
53 54 71 19 40 12 5 3 5 25 83 32 27 12 47 56 66 83 35 69 59 57 72 91 60 9 74 45 69 28 77 82 10 45 17 67 58 30 8 15 43 8 71 64 66 83 37 100
54 89 43 84 68 80 25 54 49 75 86 46 8 76 46 68 1 67 31 12 25 16 77 77 90 57 22 40 83 6 74 69 33 23 59 67 40 61 49 21 44 60 78 19 19 60 100
55 46 53 85 58 20 85 59 52 95 9 32 20 65 35 56 74 34 80 10 66 64 17 84 76 96 14 22 57 49 2 78 40 67 48 79 8 57 41 62 39 25 8 18 43 100
56 18 70 33 45 97 53 21 19 56 58 15 20 9 45 53 39 8 37 43 82 58 65 73 90 60 5 5 55 59 64 46 74 28 46 36 60 33 24 46 57 8 8 7 100
57 30 87 41 38 35 74 46 29 44 71 66 63 60 87 58 55 31 29 4 93 62 0 9 62 35 82 52 59 42 86 69 78 74 6 0 69 11 21 84 6 1 5 100
58 85 52 59 31 8 93 51 65 82 58 49 88 93 98 21 25 99 16 43 45 87 80 77 33 41 62 34 17 18 13 42 7 3 72 18 54 42 19 59 5 80 100
59 56 57 59 71 4 30 63 89 24 25 55 70 69 59 79 12 74 79 62 53 43 59 5 12 56 35 67 50 1 4 84 79 47 73 69 82 8 26 38 25 100
60 17 31 25 52 67 25 34 59 15 69 99 83 92 26 61 67 64 21 69 26 66 36 48 15 71 56 33 36 33 69 16 34 18 76 42 3 82 47 60 100
61 43 81 82 56 26 14 22 49 48 61 72 15 93 20 69 27 78 43 47 7 75 5 18 28 4 21 74 12 44 6 91 46 85 62 64 0 86 50 100
62 4 28 54 17 32 95 64 25 70 1 65 59 46 35 38 23 85 89 14 2 79 18 54 11 25 61 74 87 68 10 84 36 22 27 63 79 46 100
63 79 36 0 13 14 80 16 94 91 72 23 29 64 28 5 66 69 63 22 76 93 23 8 95 37 82 60 75 28 49 25 51 66 73 95 94 100
64 44 72 76 13 67 66 51 71 29 13 10 73 10 71 20 80 8 1 79 59 80 83 11 61 93 90 80 75 1 82 85 54 79 24 66 100
65 29 1 18 86 22 13 68 80 10 81 36 6 6 34 78 25 69 83 81 34 90 81 1 85 65 74 98 18 67 72 13 85 64 79 100
66 65 93 75 16 32 69 63 22 66 5 10 23 14 21 17 34 71 71 35 77 71 14 81 12 67 45 67 14 61 13 96 68 23 100
67 92 70 14 91 69 95 72 39 62 94 56 1 71 54 8 50 54 55 70 58 94 71 41 10 58 40 79 88 83 17 43 24 100
68 1 78 79 63 41 90 49 33 74 74 13 46 44 78 33 68 84 68 90 68 64 71 97 69 78 74 15 99 7 53 33 100
69 15 14 18 89 37 33 92 15 53 37 53 52 39 41 13 88 70 51 12 79 50 47 4 80 17 36 37 14 33 37 100
70 42 4 85 59 1 8 89 73 30 58 80 59 85 29 91 35 63 20 95 79 84 77 62 83 13 81 82 83 73 100
71 1 73 57 61 15 48 78 0 85 54 88 14 86 70 51 36 31 83 38 29 73 36 76 8 72 33 42 4 100
72 20 57 78 79 79 4 33 78 45 17 11 7 72 38 53 16 83 90 78 20 59 61 45 56 20 72 89 100
73 87 5 99 84 54 18 24 67 76 66 84 65 12 81 32 49 54 79 83 84 11 42 57 82 5 19 100
74 49 61 65 40 24 32 42 23 49 66 90 29 48 5 86 82 61 41 45 87 86 74 41 79 9 100
75 30 76 67 98 80 38 12 28 32 28 38 49 44 79 34 16 31 75 32 46 79 1 77 32 100
76 76 78 17 35 94 53 49 36 72 84 41 17 72 6 34 14 12 67 13 42 92 78 63 100
77 50 74 24 56 41 98 87 27 32 63 69 58 35 98 1 21 17 49 31 44 37 68 100
78 41 74 25 69 97 3 29 35 1 22 93 32 32 61 86 10 43 90 18 13 30 100
79 85 83 86 99 80 80 86 38 0 46 39 79 85 86 34 36 90 21 56 85 100
80 99 36 81 60 44 14 75 82 86 8 80 80 49 48 60 27 64 47 75 100
81 16 60 37 8 1 21 5 32 0 46 85 57 81 33 56 71 59 96 100
82 27 31 95 85 90 55 75 68 86 1 21 17 4 19 88 8 90 100
83 94 40 41 4 19 70 81 49 30 92 19 20 98 17 82 84 100
84 8 69 89 12 68 74 56 62 91 46 94 4 65 33 18 100
85 27 34 2 52 96 67 28 27 21 94 24 25 59 10 100
86 86 99 36 44 90 41 93 59 84 4 19 70 89 100
87 65 80 60 81 9 30 52 8 33 16 65 47 100
88 82 90 34 44 77 63 98 70 88 44 51 100
89 55 91 71 26 4 37 33 26 43 26 100
90 17 1 18 34 62 82 53 64 20 100
91 88 64 31 31 79 77 35 77 100
92 80 65 16 88 21 50 83 100
93 0 30 64 90 14 58 100
94 15 37 93 80 77 100
95 35 4 63 78 100
96 52 95 18 100
97 64 73 100
98 81 100
99 100
100
7279