100
0 29 54 67 54 70 79 74 98 12 49 97 96 83 60 74 74 47 65 89 28 20 14 58 21 10 39 48 22 13 25 57 14 12 89 34 78 78 16 90 13 15 35 29 33 67 28 28 44 83 42 38 99 42 97 38 56 32 43 48 41 98 20 45 59 33 39 38 39 53 53 54 31 39 57 48 57 57 64 62 33 44 39 58 45 26 41 54 75 57 66 52 54 56 48 55 34 48 50 43 100
1 56 80 4 1 80 6 68 42 16 8 10 81 97 41 39 33 1 77 60 53 14 90 16 12 22 72 23 80 14 15 75 69 22 33 86 23 52 47 75 72 34 56 35 42 45 35 30 78 37 35 40 38 38 31 43 47 47 93 48 49 24 55 64 55 47 51 52 47 31 51 43 25 42 58 65 52 62 46 54 54 52 25 53 58 31 15 30 38 51 66 63 48 51 59 59 34 28 56 100
2 48 98 70 38 18 23 18 75 11 78 26 71 60 27 7 14 18 25 21 28 80 65 9 17 75 18 24 48 15 66 15 76 19 67 69 27 23 29 35 29 27 28 14 42 32 39 36 48 91 32 33 36 32 32 84 40 91 55 37 45 44 46 36 44 57 37 59 40 43 52 50 52 45 42 38 19 42 18 54 59 52 37 55 68 31 56 42 44 40 37 73 48 47 38 71 54 31 100
3 97 26 14 47 72 26 8 74 47 30 63 50 8 56 10 38 70 21 83 7 46 87 96 77 91 67 61 53 88 24 27 30 29 36 90 34 22 42 78 29 10 75 37 26 46 46 80 50 89 26 52 33 56 17 41 45 55 61 22 83 42 7 42 38 58 29 41 39 53 34 46 63 35 58 39 45 38 58 52 36 36 41 49 45 66 54 53 75 12 54 55 70 57 49 65 63 100
4 43 57 92 25 61 79 75 52 30 56 21 32 88 90 60 41 19 13 45 12 65 25 21 17 36 44 92 53 70 43 75 33 35 24 13 33 60 34 25 39 33 46 38 30 32 97 32 40 40 34 37 41 43 48 47 52 43 40 43 43 50 42 37 42 51 30 68 47 52 38 44 49 47 51 45 42 65 45 34 47 42 49 65 31 34 34 36 55 50 54 49 52 55 48 54 100
5 66 72 96 31 64 84 10 57 60 95 83 95 53 98 24 52 39 79 18 24 23 20 45 26 49 26 25 27 32 35 30 83 17 61 97 85 19 95 57 90 38 31 21 21 89 34 76 24 44 49 94 40 10 45 34 53 47 53 49 54 42 27 69 46 44 54 43 56 24 42 46 26 49 69 77 52 42 39 51 48 62 58 48 33 43 56 78 58 85 43 55 54 42 62 100
6 47 12 83 18 10 81 49 4 20 50 12 84 66 91 10 33 19 61 42 57 33 56 89 65 31 26 27 15 46 58 11 34 37 17 37 63 26 24 31 69 84 29 31 45 39 47 39 44 38 98 51 37 51 40 39 49 42 33 40 98 62 53 56 33 30 68 42 46 29 47 50 38 47 25 36 27 34 57 37 35 36 52 60 36 53 49 47 53 37 65 38 23 69 100
7 56 8 91 90 44 65 1 37 34 65 54 26 22 19 19 72 18 20 50 22 45 47 19 29 94 49 25 79 21 15 35 62 76 29 25 37 18 91 29 44 31 41 32 36 32 33 49 14 29 35 28 39 43 42 50 48 62 47 48 35 54 58 51 61 43 40 25 41 46 46 71 57 61 51 20 41 57 45 54 33 41 59 19 48 56 58 56 34 56 51 64 54 100
8 64 68 10 34 28 14 67 12 95 58 97 61 93 21 80 55 25 49 10 57 61 18 24 19 25 33 34 23 30 15 27 37 25 79 36 16 20 46 35 38 36 98 76 48 84 43 43 34 55 51 31 44 95 49 84 59 47 59 51 58 60 50 53 40 50 59 41 62 29 50 39 49 48 64 37 48 27 53 60 54 49 35 42 37 80 67 43 69 45 44 40 100
9 68 96 36 91 13 54 56 9 83 81 47 52 89 80 15 24 81 25 72 15 74 93 23 87 33 33 63 74 80 34 21 64 28 25 93 92 26 25 90 72 31 33 40 30 34 82 95 32 34 41 88 85 36 50 44 52 43 56 45 65 52 56 61 41 61 51 43 70 50 43 51 41 72 69 72 52 69 53 54 50 59 38 38 27 41 16 41 52 42 33 100
10 54 60 60 58 67 59 15 38 65 16 67 21 24 74 15 13 19 92 21 47 74 69 71 78 81 59 30 64 32 14 78 39 23 12 36 96 34 39 33 77 63 71 52 37 28 30 92 95 92 66 95 33 51 32 27 62 62 32 97 28 40 39 53 49 47 33 41 46 67 56 38 35 32 21 46 41 49 30 52 56 43 61 47 33 71 55 49 63 49 100
11 64 36 53 87 60 17 13 55 12 52 39 76 16 59 98 23 21 65 18 46 23 79 16 27 29 28 55 27 23 60 29 27 38 58 34 82 92 42 44 41 45 32 46 30 54 44 58 51 44 24 30 36 42 34 53 50 24 40 47 43 45 65 59 54 60 31 49 63 43 31 42 48 19 65 71 47 55 67 48 49 38 45 46 49 73 41 43 45 100
12 88 83 39 72 91 89 28 42 75 90 8 79 14 82 71 26 38 22 31 71 25 76 90 21 29 21 77 38 62 41 39 37 88 20 32 92 91 79 77 44 43 45 46 36 37 49 50 42 41 46 49 37 31 46 56 40 35 29 40 54 53 44 39 68 37 45 43 43 26 54 56 72 52 57 37 43 60 53 34 17 66 45 59 46 65 81 60 100
13 57 99 89 61 85 74 85 83 35 98 68 52 79 24 97 78 84 68 50 18 34 37 14 83 20 79 27 27 28 86 72 95 28 47 36 78 41 43 18 42 54 78 46 46 57 40 39 56 39 55 45 48 35 56 35 54 23 48 52 63 51 35 27 47 40 31 35 53 49 49 39 73 62 47 59 52 44 56 54 64 43 48 45 67 55 58 100
14 49 30 71 85 44 44 56 17 79 90 43 17 51 84 74 96 25 0 45 72 19 17 72 75 24 68 15 15 65 25 26 33 36 98 34 95 44 45 40 41 43 56 49 46 26 47 91 19 52 47 31 42 45 43 45 48 51 48 54 73 44 50 31 60 66 39 57 48 64 41 52 53 37 62 44 67 40 58 46 62 44 28 52 19 40 100
15 60 34 23 13 77 82 22 18 40 0 62 72 24 96 26 84 27 90 52 58 24 22 22 29 15 27 57 33 86 34 90 95 68 46 78 49 30 33 37 28 29 36 44 40 49 40 28 50 35 60 52 36 42 53 26 63 26 54 54 50 41 51 62 52 40 58 38 65 30 33 64 56 32 44 54 52 69 42 51 45 33 22 77 53 100
16 43 67 9 80 63 89 85 82 17 75 56 85 16 76 47 17 22 34 28 72 82 77 23 39 34 24 98 64 28 70 86 27 41 35 50 95 36 44 94 49 46 38 78 51 24 42 48 55 36 44 50 46 48 20 39 49 44 40 42 69 59 50 53 39 50 53 25 44 67 29 52 42 58 28 59 71 52 60 57 57 52 36 50 100
17 22 63 83 59 85 28 34 57 75 47 46 45 81 17 49 23 25 68 90 27 70 33 33 97 93 99 38 33 32 32 38 40 70 29 42 93 36 43 36 99 57 48 53 43 26 63 84 35 33 33 60 56 56 59 41 57 55 25 38 46 65 61 39 37 45 66 57 48 66 51 28 45 27 51 37 50 69 51 52 79 37 44 100
18 64 74 70 55 78 86 21 66 18 70 42 70 70 31 56 26 32 31 73 25 82 81 21 36 78 82 38 19 36 43 37 35 46 47 42 24 45 50 52 45 50 29 26 53 51 23 48 33 67 42 53 41 61 35 36 29 70 37 64 54 50 34 50 58 54 53 42 66 56 31 65 71 60 31 52 70 59 46 62 51 29 100
19 52 75 34 43 84 66 89 81 19 42 46 29 25 62 24 65 95 70 24 30 85 62 24 72 96 30 61 32 34 63 97 80 37 87 38 28 45 52 45 41 41 37 96 41 49 56 51 55 58 29 55 68 34 45 37 45 66 46 31 59 32 51 69 40 57 49 70 59 29 30 57 52 73 46 55 39 54 46 58 53 100
20 6 48 98 23 24 84 24 77 20 21 26 86 22 71 76 15 82 85 70 25 39 40 39 53 82 86 99 33 64 50 40 43 47 47 30 44 45 98 34 38 23 52 34 58 24 66 48 49 59 46 54 62 50 27 49 57 55 54 51 40 55 69 38 30 71 51 57 51 41 45 26 39 41 37 27 46 64 66 60 100
21 22 92 23 23 88 66 62 20 6 58 25 29 15 35 88 37 28 78 93 85 34 53 26 70 67 68 31 32 35 40 45 33 39 24 23 44 53 47 33 48 53 54 31 43 25 44 50 39 43 27 50 25 44 47 75 66 34 34 46 64 50 56 44 44 67 73 38 62 39 44 48 30 70 56 46 55 65 63 100
22 5 78 44 23 0 28 27 57 29 74 65 24 99 22 47 31 17 97 26 28 42 73 29 26 37 98 41 65 96 69 39 49 49 27 44 40 91 97 39 48 51 60 42 45 38 60 39 55 30 42 51 38 31 71 53 65 65 51 65 50 51 63 33 53 56 69 35 54 46 63 66 25 40 39 35 70 43 100
23 41 41 43 31 26 8 65 27 27 43 30 64 4 64 86 26 24 27 33 33 32 28 36 55 82 34 67 44 39 44 35 88 61 54 56 47 32 50 52 51 54 38 96 59 53 47 41 38 97 49 31 70 32 51 45 37 49 34 36 56 62 60 63 54 43 27 32 45 52 59 51 50 43 43 53 70 100
24 58 24 3 16 35 28 82 75 40 30 27 8 33 62 87 26 94 7 99 38 35 40 85 95 32 43 44 30 86 49 25 45 40 50 94 96 48 35 27 43 44 40 59 40 40 48 39 55 44 57 41 44 44 75 76 35 68 44 71 43 40 39 61 52 41 67 56 56 40 48 36 53 50 43 63 100
25 26 91 10 22 92 79 58 32 7 47 21 29 82 83 27 69 37 89 36 40 32 37 35 31 34 34 38 43 43 53 46 47 39 36 35 41 99 47 34 27 39 45 61 53 34 50 46 59 43 36 61 37 45 37 49 47 48 44 64 42 44 26 38 64 42 43 44 59 44 52 49 47 46 48 100
26 46 4 78 65 31 6 70 79 34 75 34 34 35 33 32 86 30 48 23 57 72 62 39 37 45 39 96 83 43 42 55 37 98 44 53 52 42 62 65 39 31 50 67 66 32 99 45 55 52 56 44 50 43 51 28 41 46 40 63 38 37 52 63 47 32 49 35 48 33 73 36 41 63 100
27 19 5 25 27 21 43 53 80 31 54 27 38 77 68 30 89 93 32 37 28 34 77 46 32 35 38 50 52 89 43 36 34 29 53 43 80 28 58 28 42 50 59 38 60 44 59 59 42 28 76 50 58 39 37 58 72 45 53 70 67 48 49 73 62 52 67 57 37 46 35 56 57 100
28 43 64 6 36 76 97 79 1 15 32 37 55 94 96 53 31 34 46 41 83 35 38 81 39 32 0 96 80 42 49 49 37 39 42 44 57 97 36 38 55 51 39 42 52 69 50 42 61 41 49 63 53 51 31 51 52 47 52 36 76 50 56 53 57 52 37 2 39 35 61 38 100
29 75 7 30 32 68 83 31 53 81 13 29 79 96 35 97 11 91 46 38 36 45 82 63 37 44 52 50 51 6 44 38 38 97 58 55 33 54 47 55 38 52 34 33 46 38 41 35 34 54 49 44 47 54 39 39 55 45 47 40 58 44 46 54 59 29 50 64 68 34 33 100
30 61 80 17 81 88 16 5 35 6 54 34 38 22 86 15 53 41 34 37 95 49 94 43 43 93 30 50 51 7 56 58 78 4 38 54 42 57 49 60 52 52 53 40 47 40 47 35 57 42 53 66 44 56 2 53 65 58 64 45 44 39 37 46 44 64 46 35 49 43 100
31 52 94 43 62 33 64 42 37 1 24 92 68 28 38 96 36 35 37 6 95 86 37 86 88 53 87 95 36 53 48 61 54 64 99 59 56 33 15 55 47 51 44 51 58 43 42 43 2 45 62 59 52 11 54 62 37 44 52 87 60 69 53 46 53 9 64 61 62 100
32 67 67 35 71 12 74 54 51 5 41 5 38 61 43 39 47 34 63 49 92 36 38 43 45 36 50 37 36 45 48 40 38 63 51 92 17 51 49 53 44 46 16 49 48 33 60 42 58 58 44 43 65 68 56 70 33 32 66 58 62 47 52 43 50 61 41 62 100
33 20 78 61 93 41 39 34 71 50 37 42 9 45 33 45 38 46 98 1 41 86 40 47 52 92 59 43 40 42 44 42 43 33 55 65 64 37 68 62 35 55 53 73 47 55 55 54 59 39 49 63 63 41 67 76 49 60 57 57 34 33 71 72 37 46 65 100
34 43 63 82 56 6 62 39 1 69 87 13 34 27 37 37 1 7 75 45 38 35 91 48 46 43 42 50 48 39 42 53 38 55 46 51 44 63 53 57 55 12 49 69 44 61 80 60 65 39 1 47 67 61 48 59 52 52 50 46 60 34 61 61 39 50 100
35 80 58 60 39 82 35 85 65 21 41 23 43 4 66 41 91 21 53 48 48 69 42 47 42 44 43 0 42 92 42 41 36 52 41 59 51 99 61 16 37 43 63 64 60 57 49 56 57 35 57 5 38 11 54 58 48 48 79 44 35 51 58 50 61 100
36 47 75 16 92 39 90 38 99 36 54 73 47 37 99 41 44 41 46 37 47 49 55 54 48 52 51 14 47 37 51 60 53 18 68 53 72 40 47 43 62 58 55 51 47 47 65 54 45 58 57 67 42 13 67 43 60 38 48 60 2 39 76 60 100
37 76 33 38 98 85 41 78 75 92 38 45 49 5 40 39 45 97 49 47 55 40 42 39 5 49 55 54 62 0 57 51 41 50 61 60 42 59 54 44 46 42 48 50 62 48 61 10 56 12 57 50 9 41 38 41 6 59 68 46 62 59 57 100
38 22 96 39 18 91 57 64 67 47 14 43 44 6 38 46 81 91 4 96 76 51 50 41 16 89 54 55 42 45 53 56 52 43 52 70 47 65 48 48 40 65 61 45 66 5 46 47 2 63 63 46 72 45 7 38 46 57 73 58 63 79 100
39 67 87 84 65 43 70 3 36 37 42 40 66 47 25 50 52 49 42 43 42 48 29 46 47 98 43 54 49 7 52 52 65 51 51 53 42 56 46 55 56 39 60 69 49 64 1 47 55 28 5 75 70 67 53 49 71 49 65 52 48 100
40 13 95 66 40 40 46 44 43 47 98 45 43 43 44 29 23 49 45 54 46 93 87 18 48 50 11 45 40 54 56 47 44 63 59 43 52 77 21 51 52 5 45 67 4 61 58 45 52 57 6 44 2 43 25 66 7 47 14 68 100
41 48 78 29 43 41 4 43 41 67 47 47 7 36 48 45 83 51 46 52 55 49 54 53 13 50 56 49 91 43 52 46 42 56 65 57 56 15 63 65 55 6 67 42 46 68 46 2 61 69 16 62 45 44 72 10 72 2 51 100
42 56 18 57 70 67 90 25 13 45 42 27 43 80 54 57 56 6 60 54 92 99 50 65 56 20 45 91 51 58 61 55 56 57 66 54 2 62 5 59 69 63 72 50 43 59 44 57 42 51 51 31 53 75 50 3 77 21 100
43 89 45 96 91 22 15 44 67 20 13 93 48 24 78 53 47 57 52 5 58 19 56 78 65 25 58 10 48 49 15 58 63 48 59 47 49 67 43 48 52 57 47 57 46 56 55 59 60 68 17 51 14 47 60 69 50 100
44 80 12 62 5 11 95 67 48 11 52 34 94 54 53 48 46 28 56 56 56 46 52 94 61 15 47 65 56 63 53 51 70 63 55 6 69 64 55 56 46 56 59 4 63 59 61 23 54 9 50 47 47 56 65 59 100
45 29 95 47 55 65 32 15 94 47 55 46 50 50 54 53 34 49 51 49 58 58 13 1 53 59 49 51 53 52 18 48 53 10 63 9 7 59 61 79 49 49 71 70 58 65 53 70 58 56 47 63 50 57 61 100
46 46 84 99 46 51 30 47 48 89 50 55 56 26 55 49 35 55 53 61 57 64 56 51 27 67 53 59 71 49 10 71 3 7 68 66 55 12 4 53 58 67 3 75 46 52 54 72 70 57 19 67 64 55 100
47 96 25 59 41 54 4 10 60 86 66 33 0 55 5 97 88 55 1 52 11 52 62 34 55 5 66 0 48 62 62 18 68 54 19 69 76 52 53 52 23 16 67 18 59 18 72 49 61 52 69 50 71 100
48 19 48 14 62 84 51 91 49 49 51 49 55 57 24 53 21 22 56 58 65 4 57 12 68 16 74 8 3 66 51 35 52 18 55 27 68 49 50 56 51 58 23 61 7 52 55 57 4 63 64 60 100
49 38 66 56 14 22 97 54 35 58 59 56 83 49 0 98 32 51 62 31 50 85 63 70 71 50 53 52 58 61 61 0 54 57 62 62 53 52 68 63 50 51 39 0 60 24 69 61 69 70 54 100
50 75 85 50 36 15 96 43 56 16 36 49 59 58 98 84 65 16 58 69 19 62 66 21 53 74 61 56 59 68 8 71 61 57 51 69 71 8 52 55 58 10 85 52 79 2 83 56 69 53 100
51 75 42 52 24 1 54 10 44 94 58 30 57 57 32 64 59 60 4 13 14 59 56 64 65 59 11 54 70 55 75 67 67 4 58 76 62 14 56 9 74 52 64 44 55 8 58 61 4 100
52 52 80 95 48 36 58 15 55 20 29 52 29 0 94 53 57 57 87 60 72 56 61 33 64 61 64 29 72 5 55 5 24 68 82 8 44 73 81 6 17 57 66 67 0 27 39 2 100
53 21 54 21 54 33 69 54 5 60 58 59 25 23 53 58 75 54 25 62 38 55 67 72 57 53 68 57 71 57 10 71 33 53 56 62 56 35 69 57 54 14 64 65 23 71 53 100
54 26 28 56 58 8 15 3 55 16 56 58 60 67 54 2 57 65 56 67 79 33 24 56 69 66 36 39 95 76 17 67 66 64 64 11 56 72 56 19 63 30 0 1 66 58 100
55 34 5 1 62 86 90 32 57 85 8 24 24 88 1 18 30 56 72 19 61 27 24 6 76 76 7 67 77 2 64 0 68 70 59 83 1 5 6 63 66 63 61 65 55 100
56 84 31 59 92 61 94 61 16 58 0 6 1 60 13 33 64 67 28 45 69 64 71 67 75 66 11 0 36 40 61 13 74 76 45 38 26 6 83 61 15 16 64 38 100
57 28 90 58 46 3 61 18 27 95 66 33 9 2 57 62 42 64 67 30 64 61 59 2 39 62 76 61 70 66 19 14 8 9 48 68 13 16 78 76 82 10 48 100
58 59 29 59 61 62 8 62 19 63 3 60 24 65 68 65 3 5 45 65 68 25 58 73 54 61 65 78 33 78 42 48 10 19 67 67 42 41 96 29 35 99 100
59 87 41 96 65 20 43 20 26 63 44 98 37 87 59 2 11 95 74 14 65 23 62 77 82 60 17 27 61 69 84 62 69 69 27 24 70 22 67 41 71 100
60 96 31 16 18 65 50 60 88 41 42 10 72 64 31 12 14 32 75 71 62 36 61 51 12 26 11 31 69 86 74 66 79 74 71 47 35 3 48 5 100
61 19 63 78 93 79 14 98 66 59 30 70 24 63 72 70 20 11 44 57 39 75 66 62 69 63 9 73 26 27 50 9 61 76 6 16 48 79 64 100
62 88 86 6 63 36 21 42 9 66 66 67 63 66 13 18 62 0 27 65 69 72 83 31 4 34 68 9 31 1 40 78 68 55 29 22 40 7 100
63 64 13 7 36 25 66 64 5 59 84 28 64 91 59 3 25 73 15 7 38 81 71 69 63 12 17 22 50 23 22 23 73 66 69 21 91 100
64 11 65 84 21 67 59 30 25 9 47 71 22 67 71 68 75 68 30 18 24 15 6 34 64 79 6 44 64 29 77 4 6 82 79 36 100
65 66 21 1 65 8 91 66 18 33 15 78 53 38 65 93 7 74 65 73 80 81 42 83 80 73 72 67 67 50 44 20 84 44 74 100
66 86 66 65 71 98 47 26 1 8 93 75 8 71 53 74 71 71 22 46 71 39 70 75 24 67 78 67 30 33 46 28 33 17 100
67 56 53 35 7 70 11 84 76 3 15 0 21 27 7 73 16 75 69 19 51 88 60 24 5 70 74 57 71 38 73 68 74 100
68 60 17 79 35 54 19 8 73 82 57 96 18 65 78 4 73 24 71 27 81 40 73 31 76 77 72 33 76 81 36 71 100
69 70 69 87 83 43 13 97 94 34 78 47 16 36 30 79 30 36 78 62 80 79 73 2 61 82 95 47 60 50 63 100
70 62 13 18 3 79 22 98 73 98 2 14 12 18 77 17 35 72 77 9 77 14 73 74 76 72 81 53 80 51 100
71 28 83 51 20 67 49 24 89 13 61 17 83 0 72 23 44 27 83 52 53 64 66 29 2 77 84 34 34 100
72 3 40 65 75 23 20 78 75 32 19 90 87 18 42 83 51 77 25 82 36 73 55 89 77 56 75 53 100
73 43 39 84 9 7 95 44 97 90 14 81 75 43 80 18 73 29 54 57 23 77 24 1 46 70 37 100
74 74 78 31 30 16 62 16 66 82 79 21 63 7 7 41 41 28 45 28 41 40 75 2 79 20 100
75 11 26 80 35 21 78 29 81 76 41 1 65 57 28 89 48 67 41 37 73 7 92 63 75 100
76 97 54 61 15 79 46 78 79 83 37 40 77 47 9 0 82 19 76 13 58 15 81 25 100
77 26 88 77 14 49 70 25 16 79 16 66 59 64 89 92 83 33 21 87 28 21 30 100
78 56 39 20 50 80 12 46 66 26 83 88 80 0 63 41 70 81 12 26 38 80 100
79 43 65 44 51 40 49 93 25 98 96 51 48 91 43 15 89 53 90 30 28 100
80 37 77 19 92 39 83 50 4 55 97 84 81 59 18 1 86 80 25 85 100
81 82 69 58 61 10 28 23 89 61 19 47 42 83 7 3 47 68 62 100
82 72 61 60 26 63 72 84 17 41 40 46 28 19 84 88 59 4 100
83 81 49 60 85 90 66 50 1 45 3 74 19 32 37 85 52 100
84 96 90 87 47 29 78 28 2 59 69 91 33 39 40 59 100
85 38 44 76 23 16 53 52 99 16 65 10 62 38 1 100
86 5 88 25 1 79 44 8 80 89 12 20 90 91 100
87 62 5 5 11 30 59 87 42 3 47 76 85 100
88 99 30 22 0 50 9 71 51 71 70 6 100
89 27 55 53 34 38 55 95 94 38 90 100
90 58 95 38 16 2 3 90 34 10 100
91 92 10 41 94 74 13 32 24 100
92 18 29 90 85 94 7 39 100
93 59 47 60 68 73 42 100
94 13 53 32 1 78 100
95 60 6 24 16 100
96 80 8 82 100
97 64 60 100
98 64 100
99 100
100
7018