100
0 39 9 10 21 95 14 17 85 9 40 91 62 33 9 31 88 80 41 54 31 43 55 11 82 88 42 93 64 25 97 64 78 25 59 96 27 36 19 61 9 31 20 33 38 44 42 36 38 33 37 38 74 80 82 49 64 35 24 44 32 56 41 33 39 31 45 54 28 50 50 44 49 64 40 45 42 32 67 50 37 34 57 52 61 56 55 54 50 51 56 61 41 49 56 49 46 80 80 43 100
1 95 12 17 23 38 93 55 33 64 21 50 3 7 73 44 41 16 14 26 20 14 21 36 16 35 62 43 62 23 94 21 31 73 16 61 98 64 33 31 30 32 26 97 29 79 47 11 34 37 47 79 44 50 48 51 46 39 37 55 50 39 47 36 44 62 46 33 53 41 29 44 32 38 34 64 53 52 36 42 53 68 52 73 50 37 32 33 65 39 64 44 29 59 52 41 60 50 71 100
2 2 27 38 59 77 95 3 30 68 33 66 28 43 15 86 85 41 71 49 30 65 86 31 24 94 23 17 21 19 43 19 99 20 89 7 35 31 99 39 69 55 16 40 73 85 29 34 66 81 30 43 37 62 25 47 43 44 52 38 37 41 54 18 51 33 47 62 78 51 34 54 63 28 62 48 49 26 44 40 56 58 38 46 23 38 15 62 32 40 16 20 46 53 43 48 67 53 100
3 49 14 2 17 29 55 29 5 74 52 14 43 65 8 86 84 65 47 28 10 63 57 41 43 7 73 24 21 90 21 30 26 89 75 77 73 34 65 69 27 36 34 98 42 29 94 48 39 42 34 37 49 49 37 37 28 30 52 35 36 27 47 50 37 60 42 46 37 39 25 41 36 68 39 40 36 52 56 55 37 50 46 50 74 49 65 53 73 47 65 53 69 57 55 59 47 100
4 56 11 47 68 97 55 36 14 66 76 48 86 85 63 78 19 19 79 20 54 99 70 13 10 58 91 48 66 93 56 42 77 31 31 93 93 34 35 31 89 97 30 44 84 29 18 41 71 91 90 38 81 37 35 50 51 86 39 41 37 53 52 38 26 42 45 59 60 30 39 39 46 49 55 69 40 44 40 4 53 49 35 46 49 46 63 68 47 55 53 69 89 53 35 51 100
5 52 42 0 9 99 85 10 7 84 75 86 5 26 55 94 53 50 46 91 31 85 31 27 19 26 12 63 7 76 76 26 12 38 26 54 30 42 29 37 36 70 29 30 39 30 46 35 51 45 58 32 44 55 35 47 38 53 57 43 50 55 58 55 37 31 55 50 64 38 26 27 58 58 37 55 48 61 29 40 53 52 40 36 43 24 60 57 58 32 54 50 62 32 39 100
6 87 77 67 98 66 29 55 47 14 31 12 71 10 67 34 21 19 24 20 63 32 18 16 62 41 79 29 69 85 76 19 28 74 94 35 97 88 76 86 96 55 91 41 32 48 44 42 47 44 37 35 42 45 48 56 18 49 52 33 44 46 40 30 45 45 30 44 33 46 58 51 50 43 58 45 81 42 37 44 49 63 54 67 27 43 61 41 52 45 49 32 70 51 100
7 20 80 27 39 92 85 32 40 10 16 27 17 34 27 17 80 18 16 89 76 23 45 78 53 23 62 26 94 24 32 17 39 85 94 29 46 41 40 33 26 85 37 32 40 27 38 34 32 36 36 45 52 43 24 42 40 43 44 64 56 56 35 36 54 30 35 33 36 42 55 36 47 59 50 54 46 40 54 34 51 51 50 43 40 57 66 56 48 52 62 81 57 100
8 43 18 1 98 84 61 29 47 13 28 17 43 9 20 85 74 20 12 86 24 38 80 75 94 21 20 82 31 21 20 28 17 30 16 14 99 19 37 27 86 47 41 44 39 49 37 20 37 39 28 38 46 53 51 61 50 32 37 99 57 99 56 42 44 57 35 37 41 66 55 38 59 40 41 36 28 31 40 65 71 44 42 57 41 54 40 42 66 74 81 47 100
9 53 78 4 83 69 22 4 8 13 18 95 11 93 12 98 47 2 20 67 78 17 78 20 21 34 31 72 41 32 34 92 22 28 34 37 93 32 35 70 41 47 34 46 40 33 47 42 42 39 38 28 46 50 54 27 53 49 28 25 39 52 37 27 50 67 21 48 59 53 36 37 58 46 41 68 48 65 56 48 55 43 66 37 25 55 61 49 37 44 49 100
10 27 86 96 67 44 20 25 41 76 48 37 67 21 17 95 71 13 73 98 13 59 87 90 56 81 18 36 49 37 28 34 26 30 85 79 41 96 32 45 33 39 43 31 28 46 43 50 58 41 47 46 56 36 31 43 51 45 56 41 52 26 37 47 51 41 38 35 63 52 58 44 50 64 48 27 65 77 60 43 36 68 26 56 38 58 66 52 76 45 100
11 94 82 97 32 18 35 34 12 63 82 73 58 12 76 69 25 95 16 12 15 69 29 90 74 95 70 30 23 31 36 86 15 36 37 81 73 44 43 37 42 88 49 43 52 39 37 44 42 53 53 52 45 48 41 60 49 43 46 56 52 51 63 13 50 49 36 56 54 45 43 60 63 35 57 54 38 54 42 60 46 59 42 45 61 55 38 57 41 100
12 64 84 90 56 82 7 57 15 80 91 17 84 19 13 26 78 24 18 54 19 24 94 84 28 91 27 86 29 87 92 77 32 13 21 79 25 80 99 32 41 39 95 40 35 92 29 57 29 32 50 55 57 35 33 42 49 32 52 39 47 34 64 64 99 45 51 29 42 39 57 47 50 30 46 27 63 33 48 59 53 54 45 39 50 71 32 48 100
13 79 66 34 29 42 38 96 20 93 80 75 65 25 74 19 77 83 66 25 49 89 34 56 29 23 94 86 95 33 94 32 44 36 42 36 40 29 39 30 50 89 44 40 43 39 55 40 65 31 38 46 60 30 55 47 63 38 39 60 59 39 43 34 62 50 51 48 49 24 36 48 46 47 48 48 33 44 29 43 52 52 53 41 54 31 31 100
14 71 93 6 6 72 29 43 20 81 60 22 61 52 76 88 22 21 23 30 83 20 26 26 69 25 29 24 34 31 44 35 22 37 31 42 38 92 36 46 34 41 36 39 40 49 60 38 47 39 28 39 43 47 57 39 41 60 36 28 32 35 66 46 51 40 54 68 25 63 48 55 43 40 30 37 55 28 29 45 52 52 51 40 29 44 100
15 60 93 66 87 78 77 17 24 84 94 23 26 82 25 60 38 69 20 90 60 27 95 32 34 79 91 29 29 41 37 36 88 33 36 48 34 52 49 81 51 49 46 52 40 49 39 32 57 32 59 45 42 47 53 36 25 53 73 57 37 51 51 71 68 54 24 52 39 56 48 57 55 32 60 67 52 48 85 43 44 58 33 61 29 100
16 23 51 43 89 34 60 51 87 25 75 26 16 80 79 21 75 21 25 25 29 90 75 23 20 22 36 68 34 27 26 92 42 27 46 31 95 76 43 45 43 40 35 53 54 32 30 36 26 37 49 93 49 36 42 41 48 44 39 64 41 62 55 31 39 30 66 38 62 51 46 47 71 43 49 61 65 32 48 40 73 59 53 46 100
17 87 54 21 56 4 21 18 99 23 75 22 23 74 63 70 87 20 67 27 98 52 33 84 34 29 42 20 82 43 26 35 44 36 98 21 99 50 42 43 45 29 47 44 44 48 39 36 34 49 55 67 35 48 45 38 68 52 41 49 58 29 51 38 44 78 63 29 48 59 44 55 44 30 62 37 59 66 61 36 62 39 51 100
18 53 37 46 19 67 53 80 7 20 63 74 98 84 47 71 33 28 26 31 81 19 37 78 27 90 36 97 31 35 93 88 31 34 41 40 45 32 33 45 45 39 51 30 37 44 31 28 61 94 45 50 50 31 58 42 35 52 59 28 22 53 53 59 59 53 52 32 58 42 31 68 29 46 35 40 50 59 58 62 38 47 100
19 56 35 1 37 62 15 70 24 27 45 90 26 13 57 98 22 25 85 35 36 27 30 27 28 94 30 36 39 84 30 39 47 44 34 45 40 45 56 32 45 54 52 45 41 49 47 45 67 49 69 43 51 53 65 58 45 51 35 76 42 55 42 61 43 60 51 36 43 42 54 72 39 68 39 41 36 73 64 40 46 100
20 22 38 5 84 64 90 61 45 63 27 27 67 28 69 28 0 24 35 38 32 62 24 42 38 28 44 28 35 86 45 49 35 45 40 48 42 35 46 48 46 53 44 46 54 48 32 46 36 53 53 65 45 58 36 34 51 61 39 52 48 51 65 53 68 44 33 50 38 63 56 34 61 37 50 54 64 51 43 45 100
21 21 69 35 77 70 32 23 4 76 78 96 54 81 28 23 21 91 30 25 96 37 86 75 59 37 39 46 22 38 38 38 87 39 38 96 51 41 32 46 37 32 43 35 88 55 37 57 67 62 31 44 45 55 38 36 64 38 47 52 32 46 43 37 67 50 71 59 23 37 61 45 43 54 40 46 61 31 45 100
22 46 87 64 4 23 93 26 16 79 64 30 87 91 28 51 76 36 85 29 35 42 42 31 27 85 98 33 46 45 75 37 43 42 39 37 29 48 44 38 41 94 46 40 61 45 40 48 61 49 59 61 45 46 60 54 33 54 50 31 61 60 54 58 57 58 38 23 40 61 57 53 44 53 39 47 68 53 100
23 24 23 34 38 82 71 70 98 65 33 43 72 73 43 31 25 17 34 35 21 94 33 38 68 29 34 44 36 29 91 43 82 46 38 79 45 40 45 47 59 46 52 46 44 58 52 62 34 57 55 65 47 39 66 51 45 64 51 63 54 68 38 50 42 39 36 39 24 50 54 48 57 52 55 65 55 100
24 66 58 19 14 55 36 41 27 75 34 12 34 81 44 89 58 28 33 43 43 36 43 41 45 36 94 81 50 34 48 37 32 32 49 52 36 33 44 12 56 24 42 40 55 46 34 36 44 53 29 50 60 47 58 38 59 41 7 54 34 40 40 49 56 51 50 60 46 55 52 38 52 69 38 25 100
25 78 56 74 95 13 26 54 63 27 98 31 90 0 74 32 36 66 32 76 33 99 90 97 49 80 44 38 32 42 34 36 43 85 46 43 47 41 88 52 52 46 46 57 50 51 44 52 32 48 33 44 39 54 55 35 44 50 44 64 47 37 44 50 28 48 59 69 66 58 15 31 48 49 55 100
26 86 28 56 88 16 25 69 31 60 91 12 36 57 88 60 86 33 32 91 99 47 67 82 88 30 31 45 48 48 39 51 37 52 51 41 35 53 47 46 27 47 54 30 45 34 42 39 55 42 51 56 57 47 60 67 30 60 34 33 44 45 48 55 29 37 47 44 60 74 58 46 8 40 100
27 75 66 88 90 90 27 53 27 0 88 89 33 28 75 41 51 71 41 84 37 44 80 37 34 52 32 44 50 50 45 28 44 46 44 49 37 50 54 42 55 46 44 50 54 39 48 64 47 30 98 37 60 53 51 52 47 56 52 49 45 40 87 54 54 55 59 45 59 43 39 37 48 100
28 29 47 81 40 74 32 20 34 34 18 67 35 35 17 55 5 42 39 36 40 93 83 47 38 98 41 47 46 32 47 53 29 39 42 53 39 37 29 40 60 45 36 55 66 60 43 41 49 53 39 72 63 50 2 42 64 45 58 60 41 47 41 50 48 68 55 40 47 43 50 52 100
29 4 64 9 85 66 34 29 33 11 31 37 38 42 33 44 82 41 37 45 43 35 40 42 83 83 49 45 87 58 56 50 32 47 50 54 37 54 44 50 35 58 59 36 44 1 39 33 56 52 58 48 62 39 62 40 69 40 51 41 43 48 53 33 45 60 32 60 59 47 18 100
30 70 96 42 11 99 34 85 69 80 89 35 40 38 43 34 32 40 38 39 89 33 42 31 45 49 41 40 67 50 56 54 50 52 53 53 35 52 48 45 43 48 71 44 56 60 59 44 59 56 57 46 37 35 59 44 51 60 56 50 50 44 57 57 56 45 62 43 40 43 100
31 66 94 88 48 55 33 33 45 35 32 87 36 31 98 37 85 32 39 50 39 45 89 44 99 43 43 86 47 49 51 44 48 45 57 51 51 0 43 39 56 62 48 50 38 61 47 50 62 35 51 52 63 53 48 49 51 57 51 38 55 48 74 41 33 55 77 50 64 100
32 95 72 83 33 14 81 79 2 9 34 42 38 39 76 38 9 34 89 39 45 45 40 43 47 12 45 38 39 45 49 43 41 47 43 48 48 60 44 55 36 70 11 60 53 40 66 42 57 61 43 54 62 57 49 40 56 57 43 46 70 39 40 47 46 43 43 66 100
33 74 75 72 63 72 38 19 85 37 99 59 42 43 91 43 36 40 44 42 43 52 41 45 47 38 44 39 38 97 36 40 48 38 40 51 54 64 33 53 44 47 34 67 74 54 61 58 48 52 60 38 57 36 55 54 55 60 53 52 44 43 84 64 54 52 70 100
34 95 88 8 82 94 50 92 11 39 37 91 62 37 41 47 39 34 98 95 44 42 45 48 43 19 38 50 57 42 43 41 64 42 48 51 60 42 71 56 59 53 52 45 64 47 49 53 52 60 51 61 49 47 72 53 66 42 54 68 67 61 42 67 46 59 100
35 35 60 35 7 89 97 38 38 39 59 41 72 39 39 50 96 43 46 94 37 56 0 50 48 43 51 52 53 96 18 62 41 64 53 61 56 41 59 35 37 55 41 55 51 48 56 48 45 53 69 42 46 55 68 50 39 46 55 52 47 54 79 63 63 100
36 75 54 39 36 40 88 25 52 92 42 38 42 41 46 43 12 96 43 40 42 49 45 49 48 53 43 53 14 52 44 47 54 41 49 58 36 62 64 50 51 39 54 55 57 78 56 48 67 55 7 66 45 63 50 48 49 45 83 48 44 56 73 52 100
37 89 37 89 71 2 96 42 25 41 75 59 39 38 95 39 47 38 4 56 53 47 41 3 54 55 60 61 57 63 49 62 22 46 37 51 65 45 49 50 54 42 53 56 55 65 59 8 56 48 55 46 48 50 62 58 53 62 44 64 68 37 73 100
38 59 34 27 39 60 63 75 27 42 40 47 3 65 49 38 47 95 4 89 53 52 46 54 49 47 52 52 52 53 2 60 59 50 54 61 46 49 55 61 39 1 51 52 74 64 56 38 43 55 50 46 49 60 53 46 55 49 63 67 49 78 100
39 84 20 41 66 41 85 41 41 92 42 45 43 70 45 90 48 80 29 46 52 55 42 45 42 53 15 65 60 58 59 59 61 61 67 59 62 58 31 45 57 46 60 53 60 49 67 47 58 57 50 53 50 56 75 50 56 58 54 58 52 100
40 40 41 61 42 41 4 45 21 44 41 43 43 91 99 50 44 89 77 35 54 47 47 52 43 52 53 43 52 58 56 65 56 60 55 43 66 60 55 66 64 57 45 60 56 67 43 62 3 52 0 62 58 57 50 56 52 59 50 45 100
41 10 77 94 44 23 43 48 47 43 83 49 45 8 47 16 87 52 59 44 49 54 58 47 54 52 52 49 55 59 70 49 44 54 49 50 56 57 63 58 45 64 23 41 47 62 63 57 65 53 54 45 46 29 56 46 68 50 59 100
42 87 94 40 44 82 44 96 50 50 52 89 51 48 53 44 50 50 50 49 43 59 95 56 48 60 51 57 53 60 5 72 53 51 45 54 47 42 55 61 50 63 62 49 52 53 50 57 56 48 63 49 44 73 66 29 64 55 100
43 4 94 95 65 47 44 85 12 44 50 80 55 53 81 52 48 47 55 54 53 46 46 51 50 52 50 49 8 49 62 57 0 47 63 9 61 55 55 0 49 52 66 54 69 62 57 44 60 46 53 60 47 6 59 47 59 100
44 57 34 44 19 92 45 20 50 51 49 49 51 53 50 47 46 49 7 49 52 55 52 62 62 10 56 50 83 67 58 57 46 6 45 72 56 72 62 55 11 54 10 63 65 67 49 65 15 67 59 62 67 61 68 66 100
45 84 87 83 84 47 14 8 84 45 49 51 25 2 49 51 2 54 2 56 56 48 59 60 56 59 31 57 60 61 60 53 30 54 66 45 58 16 50 58 61 58 75 62 59 53 47 68 11 3 73 56 26 3 55 100
46 90 60 51 28 50 46 65 50 55 48 56 3 46 78 32 38 62 58 8 52 55 13 60 54 54 61 67 58 54 76 53 49 70 58 63 14 0 67 62 67 59 52 61 29 53 14 62 66 60 17 19 69 40 100
47 47 41 50 40 80 67 52 17 51 66 88 54 59 56 59 57 58 51 62 55 49 60 12 66 56 55 66 51 55 51 63 50 51 52 70 51 54 66 54 58 73 17 16 11 67 71 47 55 40 58 68 79 100
48 27 1 70 49 39 1 55 5 14 49 57 33 61 56 54 60 17 51 53 55 58 70 57 57 58 60 63 60 68 53 25 60 55 63 65 65 55 65 64 57 59 54 76 54 58 59 1 6 62 55 68 100
49 86 12 50 10 49 46 8 49 36 57 37 12 60 55 59 65 60 56 49 54 61 49 63 57 4 65 63 68 60 55 65 1 65 55 63 80 57 51 52 68 8 65 54 55 62 72 66 62 62 51 100
50 3 92 53 19 22 52 3 55 57 55 66 86 11 54 56 59 58 52 63 68 58 3 29 51 60 29 1 71 1 25 57 81 7 2 67 65 58 53 64 62 60 62 65 64 58 51 55 70 68 100
51 62 79 25 16 83 66 87 53 58 51 40 92 94 63 1 59 58 61 87 14 12 67 73 62 9 66 61 61 74 4 78 3 76 55 51 61 70 54 25 69 57 71 4 69 68 56 72 88 100
52 82 50 17 36 17 52 24 54 56 45 58 8 54 58 17 34 59 57 62 5 58 8 56 5 54 58 70 60 5 64 52 71 75 64 61 9 10 65 72 73 65 12 81 68 3 69 61 100
53 7 78 75 78 58 57 79 92 20 2 55 31 59 59 5 59 55 69 62 63 62 17 64 47 63 68 59 71 55 78 54 69 66 9 72 66 41 60 70 21 23 5 31 58 81 65 100
54 54 22 56 72 33 0 80 56 70 9 26 8 67 64 59 64 59 57 57 56 19 23 3 69 71 78 61 79 26 7 25 65 69 65 57 64 70 65 70 64 86 22 60 56 4 100
55 4 26 57 81 49 58 73 2 14 34 62 64 17 79 57 64 67 71 3 68 1 64 65 64 70 59 72 8 70 71 67 62 55 59 73 75 5 56 66 37 61 70 59 75 100
56 32 80 57 58 1 17 58 59 9 52 86 65 79 2 60 65 26 68 64 71 56 64 61 76 20 26 0 7 62 13 6 80 14 64 21 38 68 38 68 68 41 73 66 100
57 52 17 61 95 39 82 41 17 0 63 61 62 13 16 65 8 65 67 2 57 70 70 20 68 67 64 69 69 2 2 12 69 64 64 71 42 71 16 30 18 75 65 100
58 51 78 0 58 61 5 5 9 61 42 65 21 26 60 32 58 66 65 69 12 78 69 79 0 67 22 62 30 70 68 25 66 10 79 72 72 58 61 58 9 75 100
59 58 27 60 24 5 72 15 63 65 63 59 40 59 67 66 15 64 72 18 8 80 15 70 71 75 0 71 32 63 62 42 3 65 82 59 70 49 70 71 16 100
60 38 56 34 6 45 61 19 1 68 16 62 17 66 67 83 3 71 72 0 9 9 57 74 31 72 79 69 76 65 76 61 61 5 64 65 13 67 3 6 100
61 51 62 8 0 86 81 90 51 7 58 37 92 54 10 64 76 71 18 71 26 23 22 6 25 68 70 64 62 74 81 70 62 41 61 66 38 43 70 100
62 17 93 14 20 83 95 41 63 30 5 68 64 72 73 63 28 4 22 70 19 8 76 50 72 19 72 65 63 75 52 69 77 71 68 13 54 65 100
63 9 62 63 64 62 24 33 2 69 40 66 66 10 65 93 6 76 66 1 68 80 67 64 24 4 29 71 0 19 38 74 26 67 84 77 85 100
64 43 65 52 30 77 68 64 64 37 32 69 18 45 28 68 65 22 64 75 50 71 37 27 0 66 76 77 39 38 4 74 88 74 51 71 100
65 58 63 74 48 14 32 10 66 14 23 67 68 72 23 20 65 68 2 20 75 24 67 74 34 72 69 79 11 33 48 23 13 65 71 100
66 1 63 19 69 55 56 9 68 4 69 73 53 18 29 4 34 38 78 25 50 8 25 69 66 21 19 6 9 95 67 22 75 73 100
67 8 88 16 4 9 22 36 45 89 70 32 23 40 33 18 75 81 73 76 50 73 27 61 82 71 72 34 72 66 80 88 78 100
68 69 41 83 23 50 3 65 4 71 10 24 72 15 9 83 74 5 96 96 68 2 70 22 19 77 43 91 35 87 40 73 100
69 76 32 92 54 14 91 34 25 53 12 85 72 38 71 39 48 74 29 44 2 73 79 83 69 21 53 75 73 47 77 100
70 71 80 70 49 30 60 17 71 92 79 87 74 89 73 75 49 7 77 74 57 91 8 2 44 13 76 80 58 80 100
71 57 73 33 86 74 77 33 79 5 36 29 0 19 6 78 74 9 42 57 56 15 63 58 54 13 74 78 67 100
72 82 26 97 96 37 34 44 49 17 49 8 73 51 50 55 80 3 47 85 87 54 78 7 73 3 77 78 100
73 37 84 76 8 93 0 24 10 47 80 76 34 29 82 10 62 34 1 26 32 85 48 27 4 75 69 100
74 95 81 19 28 34 49 10 77 0 6 95 81 57 84 84 6 80 46 82 27 67 51 30 33 91 100
75 51 60 91 56 94 19 54 78 0 1 86 83 84 2 81 31 36 9 45 1 85 30 61 56 100
76 91 75 79 32 31 19 48 41 82 91 53 6 41 14 68 84 48 17 35 53 76 15 79 100
77 60 59 90 88 42 81 15 82 79 81 46 84 62 44 85 62 98 56 26 48 88 95 100
78 78 24 95 37 56 72 52 85 67 51 37 79 41 85 29 38 23 57 82 72 58 100
79 92 80 79 4 71 61 82 83 83 81 59 62 47 85 87 4 88 13 88 20 100
80 15 92 55 40 82 92 80 3 2 14 66 14 88 2 25 5 60 16 10 100
81 13 82 74 85 2 32 23 15 71 18 33 83 81 15 82 85 54 63 100
82 76 87 17 85 61 50 61 3 62 60 75 7 10 87 82 61 15 100
83 56 99 3 74 56 10 69 2 71 64 32 52 52 18 63 9 100
84 81 40 38 0 75 18 19 92 54 0 90 9 28 46 66 100
85 50 0 77 23 13 65 26 92 3 50 59 13 61 60 100
86 81 4 6 83 9 77 71 88 11 47 72 88 20 100
87 7 45 13 21 99 82 36 28 74 56 16 8 100
88 29 95 44 71 21 91 84 11 3 40 97 100
89 26 49 45 10 20 10 53 3 17 11 100
90 21 77 31 32 16 26 17 61 63 100
91 4 19 46 68 0 40 15 81 100
92 24 70 11 83 73 6 48 100
93 12 81 74 27 29 23 100
94 3 1 33 56 96 100
95 60 22 4 34 100
96 52 33 96 100
97 72 22 100
98 49 100
99 100
100
6969